11
0 0 600 100
600 0 120 175
600 250 120 300
720 00 400 100
845 130 75 30
970 160 75 30
1120 0 120 250
1240 0 800 100
2040 0 100 175
2140 0 100 250
2240 0 1600 100
200 200 playerCharacter.txt
14
1350 100 skeleton.txt
1400 100 skeleton.txt
2300 100 skeleton.txt
2350 100 skeleton.txt
2400 100 skeleton.txt
2700 100 skeleton.txt
3000 100 goblin.txt
3050 100 skeleton.txt
3100 100 skeleton.txt
3500 100 goblin.txt
3550 100 skeleton.txt
3600 100 skeleton.txt
3650 100 skeleton.txt
3700 100 skeleton.txt
0
